-0.45908899751973803
-0.050701472628645945
0.6456669955127108
0.6421846855034321
0.3871762654072237
0.21354653917725566
-0.2721144673600239
-0.5160894288444731
-0.3032061503759874
-0.09437366047156438
-0.010243342216035648
-0.14749613127201786
-0.3353814439057315
-0.32227284804916034
-0.06415267386582361
0.10807343425229549
-0.6055126325325983
-1.6039253615761642
-1.0559130046922012
-0.02308472993618081
-0.06900441144937182
-0.4805776638648359
-0.5120096986380291
-0.1724640517202385
0.945792030229004
2.6431263219153447
2.8404339369294043
0.8064845947440604
-0.9731989309690494
-1.0853249450245401
-0.4899389675681942
-0.028912749632751804
0.025644414493539863
0.12546285962457265
0.28784181816331805
0.06611441918137433
-0.43316025714783946
-0.35639672971238284
0.448495974067299
0.7184964298035723
0.818369382326099
1.1179336387220744
0.7514165765839342
0.23938185893536787
0.6177836180614562
1.1943104134392601
1.4105290230363072
1.4732246439748613
0.9143254128516025
0.17630933748576694
-0.06545549526151324
-0.36800355420627395
-0.2740984884967628
0.716153332831591
1.324079408756395
0.6798654889434448
-0.6308620878335189
-1.4232491570527595
-0.3448503795859667
2.350700184079066
3.9647202043920946
2.567269362304653
0.14881349038183372
-0.5575365747515488
-0.1734634327073352
-0.4997150487988638
-1.5865485974520344
-1.8174513220737352
-0.8293399876052732
-0.4642304198424999
-1.1546459197281118
-1.6051379349099368
-1.6412419998677035
-1.7662321573436952
-1.9229344168984959
-1.340535779727873
-0.01888326403725141
0.7261788432815738
0.7828562717812418
0.8826871032967348
0.970633944191108
0.6241551795854039
0.1584265765493504
0.2988770066789655
0.2659581637840512
-0.1751211366799626
-0.03838807140956704
0.3242831010798976
0.09886288267971138
-0.3643609502944532
-0.047588038500659145
0.5911143521499523
0.6075005527438854
0.16419560333887556
-0.3987340960094862
-0.6722679263508872
-0.4703288262515357
-0.17447230377054546
-0.18000446058418293
-0.2861120277200671
0.08654957203419539
0.5372339681309064
0.7272851218695108
0.7657012894706651
0.9799435427570975
1.0190105215727743
0.15924550204055396
-0.6699970089206735
-0.7194596263229958
-0.7188095125031815
-0.9823779147511736
-0.5770680485652285
0.49893092506591286
1.1836070796392417
1.5564553539132533
1.479922167018888
0.5905582661011599
-0.2297096430006349
-0.23084724056840242
0.12178265584845753
0.2880729824848553
0.27260499489800144
0.4038573067266268
0.8609362788728044
1.0178073033792816
0.7412199081125866
0.30383037474930974
-0.03664310591149773
0.19305411201343084
0.5212070372342457
0.3045865994781701
-0.044772934641037904
-0.26310992810326994
-0.25975045469487307
0.19936500748733518
0.98976345619929
1.3313857877396147
0.9627789157219068
0.2988405639152717
-0.44794820284020265
-0.7098076279793987
-0.8124824994273258
-1.2033929514414194
-1.0813108113231251
-0.4426304771637288
-0.07602026179396701
-0.1932938975290055
-0.8009207172252362
-1.4788512949564527
-1.4711609419277811
-1.0897942035298647
-0.9053877223239485
-0.8856006631555657
-0.7893909701256907
-0.3554945587361901
0.40151584998467166
1.004745199626491
1.3079270738482376
0.9373774123558187
-0.1896475607586541
-0.942473433172853
-0.6630636855481085
-0.047486242339651145
0.5993789043728205
1.0575714051859368
0.30306167196521
-1.0841166320329119
-1.1287724938275252
0.17170531542544937
1.138224054044801
1.1311388340957027
0.6786408166313523
0.34196481864582795
0.042161618559019315
-0.29524441255775813
-0.43833126932241046
-0.2703557781854857
-0.3048968269798656
-0.617715298114428
-0.7444430617136228
-1.141425669833606
-1.8530260777076542
-2.0850974740420463
-1.684197409932383
-0.8348591534916628
0.02021096548546432
0.554602970570132
0.9511505796227865
0.5609026045524959
-0.8632417119097517
-1.9641270071455048
-2.090627825056454
-1.801216503494326
-1.3741407351485295
-0.4866244240639132
0.3400115245645265
0.3989493683506314
0.02655112832904545
0.16294147146760485
0.5025628751620889
0.05877444614001182
-0.6778936578703547
-0.7174574524114923
-0.6441439869531101
-1.1275129371959285
-1.3866995412907124
-1.217203539599959
-1.4830668122842154
-2.040203042377361
-1.858132452909938
-0.6023048754069098
0.8056803097561637
0.8987563489167437
-0.44611652429263304
-1.8002934719749186
-1.796804997798091
-0.8405033226984798
-0.4700942365681465
-0.7927994872889488
-1.0273070723246878
-1.1447327472494153
-1.3791408374324017
-1.4247037658352757
-0.9962224500924226
-0.4985541499329209
-0.5267868196294151
-0.7516193250678019
-0.6471197619411635
-0.38536950377821655
-0.26487360900010465
0.3301059667673157
1.0739070106538153
0.8127651642250052
-0.033396924412415555
-0.3364419726525438
-0.05417228832318322
0.4181056797137402
0.7899740487137797
0.7243800733223551
0.595904237055025
0.9702567338628911
0.845328782176455
0.09264783744574993
-0.2266422578209291
0.27998876260606287
0.5433997616498027
-0.4704196866732885
-1.356372056615875
-1.1724803625334848
-0.5172691867619634
0.15500586969353625
0.6883293872578389
1.472015350894288
2.6567715860590106
2.824460406387185
1.8470472721075268
1.3308805865740538
1.0857665883806236
0.5847875835097935
0.47018673342000783
0.9680265603661895
1.4137145872032861
1.3043346344285953
1.3086616854007953
1.602548772478176
1.6131651379173548
1.1949763748943831
0.26757549026638666
-0.8965470698811691
-1.524813228433697
-1.8593695636810104
-2.1013781325240775
-1.5583287916625006
-0.7491861130752064
-0.8656034390072456
-1.5659550815547563
-1.791815517177743
-1.5745677292117048
-1.4967991900980304
-1.313112379660761
-0.6331160742316302
0.34147057573109135
1.2702293026124043
2.0441990319584042
2.4248500629136163
1.8101383561342603
0.48865958595909714
-0.38674688634362586
-0.7243229837941575
-1.091160172641126
-0.9784958196899428
-0.2999319623551922
-0.3500272474452639
-1.0197451353646259
-1.0916383825942015
-0.5931347471457451
0.17552631848025346
0.7329771506646289
0.9067593923493575
1.1753469205573217
1.3916428098576228
1.2972840737376807
1.4371611828623958
1.7383151381470219
1.2923950447346844
0.1312918698518714
-0.6889136823234224
-0.8423095057137117
-0.9963464426812297
-1.083303348329988
-1.0900741159852732
-0.9816585631388177
0.006307568271827223
1.1890186576757777
1.242451504160845
0.6424348423080009
0.4643715143760507
0.4331914346053918
-0.1446620623158719
-0.8225405109349858
-0.8683361515855261
-0.45082833350689094
-0.17271844967415947
-0.06093660238281502
0.33000176789740376
1.1434111085242737
1.216475447090624
0.7751984978713911
0.6929106309150683
0.1821661257778058
-0.282451397902116
0.035108015496800093
0.9403158272121724
1.5590218675040173
1.2227134001924864
0.49285086217344803
-0.3411324782615759
-1.1392073381848187
-1.1604728581518036
-0.6141388112114424
-0.0033632327827079847
0.8752827943947498
1.9320418050309647
2.345014471250743
1.1099135295280007
-0.5617778945846693
-0.8539940965926381
-0.08188010017905929
0.48786860228101403
0.35849108789999384
0.5003762696394881
1.28880885680247
1.9928938929054205
1.8991908731579161
1.1071465012575947
0.3143600592750364
-0.06803468409564363
0.055657356913333775
-0.06268744606526012
-0.33048109814851134
-0.11730314298552827
0.3672165836120638
0.39730535635421177
-0.3359669002263765
-0.8896505943599662
-0.42966510070158526
0.22243843622905715
0.18867264001295206
-0.1938384191299553
-0.7190751043688162
-1.31191026031001
-1.3650616884439264
-0.5994639285565756
0.4718850753883863
0.9578195084010369
0.5018386982053066
0.12874258635190214
0.5577336451921588
1.2007111084299487
0.9879976634236806
-0.6783812341466953
-2.2387665911678276
-2.5376771911834997
-2.2832584789581727
-1.549812926169234
-0.4082245798225012
0.4024451341196495
0.7809794305752806
0.39908389134554495
-0.1779663861746731
0.2223143679921005
0.9456563465454862
0.5955355223073973
-0.28255399778944035
-0.921222117962455
-1.5390515322105343
-1.5113469912631567
-0.7803603063319253
-0.16386514034856017
-0.049650152269753715
-0.5051328483389375
-0.535043268465736
0.4474984838492235
1.1732412708041922
1.144786708521231
0.8919946299183533
0.8638120460037317
1.096558364125515
1.2138410302209688
0.9687823418703803